 -1  -1  -1  -1  -1  -1  -1  -1  -1  -1  -1  -1  -1  -1  -1  -1  -1
 -1  00  01  02  03  04  05  06  -1  07  08  09  10  11  12  13  -1
 -1  14  -1  15  -1  -1  -1  16  -1  17  -1  -1  -1  18  -1  19  -1
 -1  20  -1  21  -1  -1  -1  22  -1  23  -1  -1  -1  24  -1  25  -1
 -1  26  27  28  29  30  31  32  33  34  35  36  37  38  39  40  -1
 -1  41  -1  42  -1  44  -1  -1  -1  -1  -1  45  -1  47  -1  48  -1
 -1  49  50  51  -1  52  53  54  -1  55  56  57  -1  58  59  60  -1
 -1  -1  -1  61  -1  -1  -1  62  -1  63  -1  -1  -1  64  -1  -1  -1
 65  66  -1  67  -1  68  69  70  71  72  73  74  -1  75  -1  76  77
 -1  -1  -1  78  -1  79  -1  -1  80  -1  -1  81  -1  82  -1  -1  -1
 83  84  85  86  87  88  -1  89  90  91  -1  92  93  94  95  96  97
 -1  -1  -1  98  -1  99  -1 100 101 102  -1 103  -1 104  -1  -1  -1
105 106  -1 107  -1 108  -1  -1  -1  -1  -1 109  -1 110  -1 111 112
 -1  -1  -1 113 114 115 116 117 118 119 120 121 122 123  -1  -1  -1
 -1 124 125 126  -1 127  -1  -1  -1  -1  -1 128  -1 129 130 131  -1
 -1 132  -1 133 134 135 136 137 138 139 140 141 142 143  -1 144  -1
 -1 145  -1 146  -1 147  -1  -1  -1  -1  -1 148  -1 149  -1 150  -1
 -1 151 152 153  -1 154 155 156  -1 157 158 159  -1 160 161 162  -1
 -1 163  -1  -1  -1  -1  -1 164  -1 165  -1  -1  -1  -1  -1 166  -1
 -1 167 168 169 170 171 172 173 174 175 176 177 178 179 180 181  -1
 -1  -1  -1  -1  -1  -1  -1  -1  -1  -1  -1  -1  -1  -1  -1  -1  -1
